0 0 0 0 1 0 0 0 0 1 1 0 0 0 1 1 1 1 0 1
0: 0 8 17
1: 1 4 6
2: 1 2 12
3: 3 17 19
4: 4 8 10
5: 4 5 13
6: 5 6 17
7: 7 11 18
8: 3 7 8
9: 8 9 11
10: 8 10 19
11: 11 15
12: 8 12 14
13: 2 7 13
14: 14 15 17
15: 2 13 15
16: 0 16 18
17: 0 17 18
18: 0 6 18
19: 14 19


ans = 	0 3 4 7 8 9 14 16
	  	1 2 3 4 5 6 8 9 11 12 13 16 17
	  	4 9 11 16 17 19
		0 1 2 4 5 6 7 9 12 13 14 16 19





1 0 1 0 1 1
0: 0 5
1: 1 4
2: 2 4
3: 2 3 5
4: 1 4
5: 2 3 5


0 1 0 1 0 0 0 1 0 0 0 0 1 1 1 1 1 1 1 0
0: 0 14
1: 1 3 12
2: 2 8 18
3: 3 11 12
4: 4 10 16
5: 0 5 9
6: 6 11 17
7: 0 7 17
8: 6 8 14
9: 2 6 9
10: 10 14 16
11: 0 3 11
12: 2 8 12
13: 0 13 16
14: 10 14 16
15: 0 5 15
16: 2 12 16
17: 5 13 17
18: 18 19
19: 5 12 19

ans = 1 2 5 7 8 9 13 15

AAAAAAAAAAAAAAXAAAAA
AKAAXAAKAAXAAAXKAAAA
01234567890123456789

1 0 1 0 1 1
0: 0 5
1: 1 4
2: 2 4
3: 2 3 5
4: 1 4
5: 2 3 5

ans = 0 2