17
1580 8178 5986 2325 5759 5011
1521 5277 3982 3013 9266 3248
9968 5303 2272 6213 7461 3733
162 8596 1293 1068 3385 8588
7374 7122 1442 7055 2302 1615
5235 3881 9793 1220 6206 5551
6231 7727 828 212 739 94
3460 706 5396 5731 6918 2856
9463 7080 1452 756 8148 4836
9344 5521 1957 785 2575 4259
2400 7810 8139 2192 9029 4345
7743 5259 2071 8571 5471 2809
8664 8930 3515 4059 4660 433
6915 4122 7512 8366 4878 5659
3201 4221 1180 5158 5006 3755
9416 7405 1564 7555 9597 593
1899 7340 5852 3969 5910 1322