20
138251104 1168842999 252378541
477044508 1370264812 289945597
335140601 1988827115 210372737
200001787 1527730497 169039361
658460039 1098648809 265862873
229243192 1903416903 289978439
452557025 1728849073 289978439
432657133 1932258927 180417527
191960344 1435930912 168903151
662095501 1118372392 210424057
152256866 1794982435 219453259
618507023 1993870970 193856203
112799364 1444722216 213310991
844543761 1190566933 150313147
997991508 1865209255 272846909
447394050 1808057831 388061801
589767785 1959856283 180242243
762397559 1566882527 290051539
910425974 1491241340 150181303
149914097 1667551362 398481443
