130
3424431432141224314212243342431434244131343444434141234333422243223113131133121311233223433113114311134412433343344141132222132112
4421123233424323321222324114213111431131413324421443324424414212431243243342442141244314234123441422412234241241111343213321124133
1213133442443413143312324144422314211144313311243422332112243124211232314142412321132243412222311121223144221144132111133331413434
2123323321123133332243212412131433413322343244341221131221133231242231414442343334342213241322242323144332224423331121114244134311
4242211344233421212442242431313142324331234444112122223142342211413244122414234124323324243233411421132114444113314343142441121344
1124322323121131323234122314221313312411234313141421412412223121344324142433411123412423242144324122313124431124223444321114234213
1114132221231144244331442114414313142211121224414211132432421122313334221431442131233213213111314244222112424433243434244241311123
2321413423231231223244431111112112112214212413323421433414341312212414232214431421344334241444413413312314134411344342144123121332
4124233224441411241141431222124111243433141423323424422324341244342212413223334132112441412341144244414122241213222333341311144423
4114321432142221113134323134443241311211414242223322432441312131123421332413432231232142222231241231232224443322133112431411441312
3344433413323421241212311332142344314223121242211113231314443433443113324144123422144111134321433131334323444313242313134214232223
4342211143224112434231231234233433323424242333312343122113343122231132244231324341433211414422324221213321214331442431221114331222
3114112134222424323234212231232442334341313314411143124432244312233341433211422213132431221143231421341221111211443344122134144124
3411141324222233124232442414314411432333334141214432431122413111311334221144122241434121424421312212343333121144413324134211231121
3232222334321432222142424123331223444434221114221114424341331342223342323133122321131141114341114442232432212421442133424213142423
2324232224332243311131432342124131444224241344134334333112421224313441443344124123131414224144343343124123441142243223111321341133
2224212421113321142222113424332334221344411424314432221441332141424321442122413131241133211222141211123423431434414233134332132221
2433241324312321231444142144333214413121241423332424221122242142141134134232413332432214444221142342444114134444143112334111334221
1224422123322113433331142323443233112321321223331144213113422411431434342232124412123213321134414431131211223243422212443222112433
3242333114321134411214143332243142122214324441442342113233242143343214422343234311411111433333344431213244141411221143444341241234
3214312231314234211144343414314341433144114111213431214223133243433143431221221124113431224231221211443324433322233431112444323321
1113432143324214224243131321113311243411332134112232333243234111234411424142341343433221313233312212442432243313344221344241213412
2343134122112111411424442331432312133133321141221223342111414114112214221131111414141314322234223413442221323443344132131422341113
2433141114223442343122112133413212234141141441222113322342142333313442133311134412213332321214341432131144113433214234312123311242
1322131431331112223223443414312231114412311433133221221122211442241332342341121124332432443342223423124311422434142433431311324333
3112221232113414212142133324211242343232222444142233314411314324434222342341224242343321132114333111114144222123434311343122444214
3222144141431321324141213243122231311214423422132132222332411221423214144211431221312221144323332232313221223332342121412231413323
4323124344144114112421111344113341422121331324132433331121211123334413244223412131234442323111322442112134121112222134334433114223
3333141231214324331414441124432221213241123311433431234134224122332441424321443333231232213421413333221121331222221142421342312134
2323143324221322232441313244433313343233221432131114444421242311331124243233212221222313122224123221222332122132131132442442444231
3334212211231414134211411324144241121233214121222131123322423133444414433233442412124213242134342212411311323322231211121212121344
1441122111132141433113441334341411241223414214143321114213443113131423122142323121441121243242323143134221223424113421122132443242
4223422434241443113221233134414123212244334331424422211432113112122414121332323421431134441441441411334224342242312444211334114234
4133311233433432324133312241341442414144224443143411421111424444311322313214112213234221221132142444321131244131324122323321324332
1113231211333444142413314412221224412222323421432124444334222113443312343111311213114414142322332123333321341441233231424144233243
2432212332143344144213212424212441222231432441333111341143411343211244341311213213424441143234442413331344321242411112413422141412
2111244114124221233143131232142312114122144444332111144243432431142113143324122142411432234344224333414443334311111212421214141234
2414322343144424232242124421422112242441121133242444214141114142344323334433414441111211431324124114144432132121121333214234311311
3422124424422314122142231224114312213142132312112312243241443433324442423211312144244333121124121432422441144143212434414323344124
4322422221321314221311311443431123424424313131412232344211412122222234313133414231223331143423334123241311132423234313131242223241
1411223342434212334314122413311314132424142333312323322114223223331231344343111132141112442143114224332443432211231212413422442242
1433433244111343222121324332342443322444331111112222214243444323133233214411411231121431221414131334142431424223234143411414141212
2221144324314224313243221112312324433131122333142243213213113221412231322213313134413221414122221233131334412414141442341441334314
1234434321431331422214234334113411334122223124322213331324233242421344134311313141112131111443343133331112121114311222412223213131
2242343414214313432121434431433232312443323222414444211231222124431413323122224214333142223344321111234424244214413132141423113341
1343431111423221431242423133113423432313424131433144344233243314132323243341113444144331121124112211233422232132343432141143322243
2211321241424134423341331434221312342344324122313341131444413313432121142223141121113342344111434312433313333413231112212243344141
3132324312332241132422114242243242113231142123323231222312144143221222424223223221231422223344241221311234441423334244144442431141
3234334133143141134344213131423414431132242413133134121414123444213441213122343322423333224141322141141341111232311221223221411414
4112444421142414214143422142331423413424143243323312421411233311242124432131334214134443122412212233244323424334133441243132344431
2344214443214433144231111112311344434122143444332133312232233433342444341223124412424242222143121132311423222423422112413424411122
2321312232141343422133332331312144313113414224132433332322131421131241342314142113341244413421434334322321421334134311344322412234
1341442222144212412134243322311221134114122241434112122131423114143133123241234233242343314341133334322232332424342242314334434234
3341413444414212214432414121231114344411213112223131142141244344132132334334432222242434334234441313342222242434321331242314341443
4212411114332131424422413331432431423332222423241421214114242113444243434111143332441111222441424244323433431141422114311342413434
1413411242331142211342332111243331143332424124111243331111111433412334142223214133243141131331442131123331412432421444111423224111
1324134141343134431142143241333122131442244233123342124331144243243332332421231413223234323144331333344433341441213214423334243131
1313442222221143143114341113233423422431312431442122323422223321143234411132334414241322432213213122232333111311212443411344413132
2134422233324141433221214134424214342332132344311442322343343434334444321141414134224233132121431231142224242241442324323232134433
2332133131222334343442414244132224422422113112444121231422331113211423343334221313334121421334141244232441122243223122343314313333
3241231444434423223321231111434341232444342212121143244144134313313224123342333344232323221234133224342213321444233233341113441412
3211441133343122314132143134343213221244134122233131142212414144134243231123441214444443121413314213244321224342412144343441312423
1443332411214212441144232423224332334412242344112311114434222111242212233131422322432211241424431124211344433433331344113433324443
2332224113243114424422131214342222134123412344231421411344212213321211331132124323411234343211143143114324432444442343213422113222
3133122124313221242134322113213231341122131144312414331422143124323313221431434211234333131232323122322242411324323414343112234142
3113323312243124314221231441314112224222212432231131344334212411214443114133442213413343121442323423344443224421122313311324323443
4421233322131134122211432214242133424234441234222243142442413324442343433114412124334122432214432132323313232114313222143143212443
3234232443314312423233334244211334244113341324324324244433434314421424334231222321333212232422344324213133343443322443444113332144
2114214441214223412443412122111313221421124341444221343131442433414232434231344423111144433222124341312443214311431221311213424123
3144231321312122311122311343323314331112241241114231133112113211232223323241342313224442441221444213431414224324423341444324243422
2211433342422244412222134441134313132434331342421443232413444311221444442331241212221111133342224334224131134414234321234211433442
4221243132414431313241443124343414242443433223134114132234434122311331314432213432143131441214312131141441322241331441441313343212
3231144331441434234114444341323322121411413434143232444122223213212324332433342122242343443114311223312122334123331112424132442312
2322113314341114322442313124313341412332142242113143423421421412334422233312211131313444344112214123343423324432212411214443422221
3134224224411241144324443411342143142323313442123423344331334333143334442143322134444334212433414322343244332212124224214121424441
4224424112333222311143324344334434213313222114142324143423222121324332314344441444243121114411124431324331314332224442141431222341
2114142422421134412443224142134124442331333233411111233334124324424423441233311132121443341434334124243121132314133321323333412243
3144322231422224223242324432441434333434322433431444121133221413231442224242212412434314332144232123344131324124143111114112444121
1233124414132223142342414141432412224114113123432113311134321114434222233111143324221321441211131234114211223414323132131123431423
2413122412442243223222422214222314232434233244412111234233142134133344312313211314233243321224343312223131231343332424423413413321
3321443313113313212123323221134212324321432143344341314434314241213442314334244431432244222221224414323142243424331244333212411312
3413311413211322341313142441134231244121444343213143214132143244214313422433243244223322442414131233424311131134111232321124111134
3124411122323312443111333441421114431322342242431412232313343312131413313214443331441133232131421134144442444343112242443421114211
4432141134314114341233321322123344442223142122334423331424423232132344121123421244113213324411231314314311421143332343314412224123
3122333443211232323341421321443143214414114433111243423224111112333344142314241313134214412241221121413333311134113122224134213313
3314114333112432321323213333243113411411421433244443432143434342412124134123324332211344344342321223141144334331221222441143114342
4324144414421412322132222421323221341444343334344241123313313413223431331132244114433412414314422341421212314241423131332341234233
4432112421132341133241144441242442223421142122134232434414323234143324134241114241433113413224331143212143323213141243131421334243
3212321332232134431333224142244233331432421334331434134423143422344414432231441111124113312424221313344131331321123311224241412134
3433421211122123124233222411132411231243112223223412234141443441241311231122124331221241111123231122343314433444131324121231333414
2444241134113132412312323322423433143124421322433224122143114113413311211244213442413411224414114221132141144314343332334331143344
1314411342332324213343144311232123142331431322434232233214422241432114243321324132221234333133134222343433344444342344132241443331
4123334413444311223113221121234123331233414122331232322231322121321334424133111143214214444331442142333233213422143234414433132331
2334123144421132132434141432314234224231431412331331324141124144143223233412121123433322231433223212312412314113313431343224442114
3322132241122121343322114111111133121434111211424223413412214343433422313422213244232123322141122411231121241441233222111333311323
1314441131114414233342143324443411241413344231433134131144113214443343332214213341412132444311423342113114223331441412413114442143
2414214421434342412223233324343314414341232142341414442343321133244311124343142341413344132224243123132414124111142243114111414331
1431112141224122221233231322424334243132241143112113424334414224211121224414111212114224132144432433342344112234341332144224413431
1123214142333122411422214313232122122234414432413331113421131413211431442311432214122212113224231434144412223433243132214312343213
2433422414214342144212124143213444424133241122314111311342412312244312221313242432122423133122313314312143333224141234314414121422
1313132441411143221123312442414143311211332212412413233141441113134413442323141331423113412121234434224443441312232334134343342114
1333424132121231234324332322221422131112244244322344323442124343331122323133141231312121344344111222322212214132122311131313111321
1132124322144334223332444224111311114231121332422242242314111243322142323344331412144242244322412324213242144434311321241333423211
3422124233123212334411124442433332312143232434111413311243141132432433122134311132413223443213341343433331131232222214324111334112
4213112342421434321144144422334332111142214424213142241242311142421114233124344444343442443123324114214342343122123244432121421433
1434342144443431431222134423412213314343432413133124234342113334313333322441211233121431434334233243443214423142432214241424424334
3442314243241414313312311314413432134214223431111311233344312412441114221343342221132341124341444341324131131322342321424412232432
1211134111123432244231242342413211321411241133443141144142133341332123233421144332443314134314442212124141311121242441414424413422
1333434322424422412233441222411232414123434441242113221243422223133144411412122421442214114433112224432443222214212312232414434323
3321324411432442242133412214342322434133213331333414241443332421224424212123414224443413144311444411144414133431322441311114424343
3344222344134341224222243224241344242113341442122243112424243322412442143114222434333211134234432333134233231441331223134433443121
3433412334314214411331113413412413333143344422421322123414331124132243333212223342433441443214133111423332322422113412134314341343
1431432114141244132423231121242242144222341311112314332422433233331113434123143332243113441323411213421123234444143211112134412222
4314441234212431122243231212332112424312422224341424344224324421234443334231234444244344443243211311413312221112331121113433411413
4123142121333112133112143341344223211223214242134223322122221233413323244441232131121342321211224113434214221312413223122112441331
4144322133134431234144432421212242442434122411132412144311332322341431413113141113241241413422334433342244432431113433144124434124
1142234112331342441134434341144434231423114213324414313231331431122114142333423322142241433323241421341114444424242322221412142222
2332133313414433243414111121232221221312331212121334333222424112433124211111221233323212413342231323122342331242343311211124411333
2433411342123213221433222223323423121411121314241123322322314222244413323412411314131143233314231423231413234343212411341241231413
2313324434444221322141124242122114234211431122441312341223221222312411233421222434444424134441141231112243142431332411133411124344
3324242242122322311121441334442443314124243141343331413411122321431432221443423333111441121333344431124222224432142144122343241134
4124223131142141331323322341114214423344134424142443212443444423314243432332133323434143134432442424224234331342131342442211212341
3133434211324343311431141341132134131342424212421414331312313412113242441343211433443122412132123221112322144144113223432312133412
4214444432341342444211233312342112234224121342442112231241313311322441233434343343313123141424424314331133141141212223142334231333
1431314123431344234221323213121434221431313314431422422342344112413422124224423333121123113313424133331412244443311343344123133334
3441134141343114232234334243232314423442311223413214143123214234223342233122113442222343334412134122344222233212342344111114342343
4232241444222342323434434121322444134334344313134244123134132211243313444344332231334431441231342413123143414442343434213343143444
1121242111331414313122124331141311431222132121431343242441323231411444444441411413341331414112441323324412332341412413214212333313
4123421141314423114221323324424232332432423331214111332344424212231122333142114421131121234124312413223311122333213143124431212421
1344334111322342322242333431411114132123311232132441234133412114324423124332441433221141224331221223323341413342121232224414343432