10
1006 850 495 944 159 845 575 223 0
1381 698 1296 1616 707 1441 536 907 266 1437 0
27 1469 1026 250 680 1604 876 1375 378 840 1026 0
672 504 914 894 972 452 561 297 75 345 650 796 0
232 77 177 88 80 104 217 111 189 161 221 0
2220 7452 3920 4933 4632 7949 4052 3591 7529 0
3414 139 5267 13807 12863 15058 15072 11326 3571 9982 564 8679 253 14389 15780 0
1689 333 648 195 148 1628 1429 1306 1567 394 155 1401 261 0
2223 6264 12040 15086 4937 0
2127 1082 2648 201 1145 2149 50 135 121 3426 799 1416 0
