12 1684 2169
13
340 416
152 366
348 204
365 417
232 233
163 363
182 205
270 458
163 434
281 440
218 175
301 421
380 206
16
177 238
112 231
157 138
205 168
156 252
110 212
188 206
112 211
211 177
127 213
142 177
196 254
151 141
137 184
171 216
147 177
16
144 307
334 535
182 141
415 307
122 171
159 313
158 411
308 416
214 220
335 462
356 291
402 228
215 143
377 487
174 298
130 305
14
162 405
220 350
171 452
262 314
314 343
224 233
273 375
251 245
317 281
430 145
194 402
240 240
136 229
248 395
13
294 201
319 309
136 326
134 364
320 439
435 91
301 328
232 495
209 169
270 388
251 168
342 473
134 493
17
116 326
242 213
266 298
209 290
152 267
222 184
160 130
235 366
243 646
260 263
286 338
230 155
101 187
227 306
299 196
104 159
243 156
12
236 225
197 356
274 235
246 232
24 205
268 351
253 281
147 328
168 212
211 326
169 207
236 312
14
360 437
207 551
134 548
469 429
138 324
137 537
249 377
327 482
478 386
218 311
303 178
356 405
199 620
369 572
17
230 779
198 279
267 302
249 318
218 173
107 315
181 173
228 210
186 345
292 253
143 253
277 295
269 157
114 173
116 220
286 372
135 282
16
212 166
140 149
247 360
276 224
274 269
174 192
200 356
252 160
124 253
203 365
117 241
306 222
155 188
252 231
184 263
283 199
14
243 395
131 342
325 273
247 457
217 265
133 199
288 266
193 166
345 434
245 388
150 411
308 63
254 193
322 156
12
415 486
329 243
374 286
281 407
279 201
171 480
277 595
334 360
390 522
365 232
404 491
324 341