25
1579990261 398989114
288949740 740223959
1112278693 571734919
1979793804 434873933
1028756560 2098998769
1511703565 2105079461
466058532 1415071020
1415707606 75194485
983278893 2099574626
677085063 90188660
1309660036 2064831033
1631400214 1048493847
1930344947 1262998977
1548452094 259959646
1809115496 946935477
1135097290 956743525
2027267873 1040703533
2090896902 727162912
1492356915 1181605426
673863778 1494962131
167467701 504153944
144878280 39459020
719256873 697858606
1977742177 1951531787
888817517 1623498916
