29
2737316 -6732937 -8583916
-5143911 -8595902 4443722
2407946 7644874 -1501844
-9338095 6268171 -2970812
-7213031 -8741306 9752386
4243131 -9483174 -5175028
-7710439 6340948 -1318895
-6853645 -8358172 -3538513
7005535 -9472286 3392043
5114366 6841991 -6547172
2047947 -420693 -3280109
3464031 4435396 -1876012
-2092246 -3156657 -4231137
6405909 -2494753 -7962965
-6564903 292216 -6704271
-6812516 -5464652 -6187446
-1987545 -3175092 -9846497
6693560 -28738 -8204669
-6844953 -3023202 -7676956
6547090 -7908836 9165034
9999918 4139111 -1255658
-3280191 -2396858 -6820261
4843797 5510895 23081
-9387340 1916804 7528328
-7350305 5351901 -2179456
-4054577 8539384 2355891
-242023 -3448161 9180799
-88521 -6754600 -847939
1706809 -3599554 6128859
