20
47014732053341694630045471346736637133446649052452774896655987814288227151439510822507534778297905539804721116274335258818688815785242799935
2109055108727958115216736026700200421586510355834736601003381505407930071607408184616335724173657853423941515
1150732583658441619074960448378430992861528480716347129290817711494041692989741780046107406408657135607164206366170756194420090405553241842130709
4052739537881
376566665397603187062785541722584607700812257624060463965757289279181083922224988556514543075266
76071434434275996245450651810502251293053343675909383072806500450427721205029553200424258508447999692160174311581845255665234840742378430529
831082459908702935293955784701120993704369028200651613859972830080739980541065544674812034151699525
4043416842843241290099041659660249909531224306589421275694000614476488132735776448246323948757113365576561739150547571258244504383875101392580671207240894031964711770362974274621210659067317997121899
1593326225701717188334037111425359127138512324945743711294024460075377172985524819472680355872170395569016093752628516876254232560412670420129021724057156769422272151448461996634558399312613
1098821759722772776783261930370902851841780094099174349557697529494498594082193250020920709963578437774634364453
31940434634990099905
3865462327928467072415604609040860366007401579690263197296200323999931849
1033628323428189498226463595560281832
141530751622060734789349637541611806906560581814825656065057782655897254318057662142341135314844769422903905867863877139246681886097354486547763701
22672251986760597700995656068373604123903743609486608186281779052193478255921357148383919048426173301181358627445942891
32913358638779021325852241460922292241811880064424459384950843991972540608783894735358997476926373114877
259396630450514843945535792456880074043523940756078363514486570322782139633750401577338505233670220572153381665
2211236406303914545699412969744873993387956988653
18806407590215510002138032351289828220511849230267577452190381964685121965216498079221498772563486619625235461902560164894842403210733983733578886437689669451922855483515543
284484526373955560067962271665133793452975295675716023773740670481032760102233447011797524633246276985400276027863781199242944501007253103151185502258042102550812277032683917928
